tree
version=v4
num_class=1
num_tree_per_iteration=1
label_index=0
max_feature_idx=1
objective=binary sigmoid:1
feature_names=hours_to_expiry hour_index
feature_infos=[-1.1151773596931136:2.5118121353498424] [-1.076484673782679:2.9916575640956666]
tree_sizes=1712 1724 1732

Tree=0
num_leaves=15
num_cat=0
split_feature=1 0 1 0 0 1 1 0 0 0 1 0 1 0
split_gain=323.598 355.918 53.8986 162.456 32.0239 100.978 22.9044 61.3123 31.4517 21.3477 15.1064 14.112 32.4017 13.7345
threshold=0.39051207260375481 0.74983712497386079 1.4260391877000611 -0.30116551279426845 1.8626634473165862 -0.52173800498108636 -0.8669137100131884 -0.98122604311482264 -0.77514709453283637 1.5123292347272097 -0.27518392995815633 1.3680739707198195 -0.20121770745127734 0.42011080724268296
decision_type=2 2 2 2 2 2 2 2 2 2 2 2 2 2
left_child=1 6 3 -2 5 9 7 -1 10 -3 -8 12 -7 -9
right_child=2 4 -4 -5 -6 11 8 13 -10 -11 -12 -13 -14 -15
leaf_value=-0.22892746527261826 -0.14837826854081831 -0.091319837793647024 -0.33189970127457613 -0.31014682771293456 -0.32344988444880468 -0.17985163444529423 -0.087687646446787698 -0.13203293267929012 -0.16193470255064019 -0.20256881696011092 -0.16806059876280952 -0.32915913215943338 -0.29645071851858656 -0.24447444403379839
leaf_weight=121.7493401914835 84.212018266320229 25.930386856198311 186.94574142992496 202.50397354364395 92.114612355828285 27.906035378575325 136.07279197871685 175.58576242625713 238.55955907702446 43.711223557591438 39.512970447540283 66.678137630224228 92.855480551719666 9.6312865465879423
leaf_count=493 341 105 757 820 373 113 551 711 966 177 160 270 376 39
internal_value=-0.222175 -0.191727 -0.29057 -0.262193 -0.2741 -0.254811 -0.151752 -0.173803 -0.136172 -0.155195 -0.103792 -0.292586 -0.268918 -0.138328
internal_weight=1543.97 1070.31 473.662 286.716 349.196 257.081 721.112 306.966 414.145 69.6416 175.586 187.44 120.762 185.217
internal_count=6252 4334 1918 1161 1414 1041 2920 1243 1677 282 711 759 489 750
is_linear=0
shrinkage=1


Tree=1
num_leaves=15
num_cat=0
split_feature=1 0 1 0 0 1 1 0 0 0 0 1 0 1
split_gain=265.893 287.318 48.0072 136.592 26.3016 87.7677 18.7778 48.6047 25.2455 17.9337 13.818 12.1575 11.0904 24.8141
threshold=0.34120125759916881 0.83226870440665535 1.4260391877000611 -0.17751814364507681 1.8420555524583875 -0.49708259747879335 -0.89156911751548129 -0.94001025339842537 -0.63089183052544617 1.5123292347272097 -0.40420498708526148 -0.27518392995815633 1.3680739707198195 -0.10259607744210533
decision_type=2 2 2 2 2 2 2 2 2 2 2 2 2 2
left_child=1 6 3 -2 5 9 7 -1 11 -3 -9 -8 13 -7
right_child=2 4 -4 -5 -6 12 8 10 -10 -11 -12 -13 -14 -15
leaf_value=-0.0031655860074409057 0.055617414038515958 0.11614484912733143 -0.10112402873406189 -0.083632550173333764 -0.091910225727930395 0.016230536099244647 0.11154136765290508 0.10044708591318743 0.048453489072117065 0.01567361198361128 0.033976069250420231 0.049662175929270018 -0.10269467980865146 -0.081194334734407944
leaf_weight=131.41947972774506 103.41273353993893 28.151590034365654 184.1323971003294 198.8114682585001 96.024840131402016 39.24655057489872 179.92384697496891 100.31218722462654 203.06653165817261 42.277494683861732 54.664909884333611 53.132266044616699 60.837205499410629 65.549253225326538
leaf_count=532 417 113 757 814 394 159 722 403 818 171 220 214 250 268
internal_value=-0.000541834 0.0276554 -0.0613434 -0.0358554 -0.048845 -0.029784 0.0629108 0.0417769 0.0761584 0.0608704 0.0787955 0.0987735 -0.0689854 -0.0456307
internal_weight=1540.96 1054.61 486.357 302.224 332.087 236.062 722.519 286.397 436.123 70.4291 154.977 233.056 165.633 104.796
internal_count=6252 4264 1988 1231 1355 961 2909 1155 1754 284 623 936 677 427
is_linear=0
shrinkage=0.1


Tree=2
num_leaves=15
num_cat=0
split_feature=1 0 0 1 0 1 0 1 0 1 0 1 1 1
split_gain=220.551 277.468 34.8887 101.419 23.0775 61.0435 16.4332 40.1104 18.8409 17.7278 14.4575 65.6089 12.1854 12.1391
threshold=0.83430940764502892 0.4407187021008816 -0.58967604080904901 1.4506945952023542 2.0687423958985725 -0.71898126499943038 -1.0224418328312197 -0.84225830251089528 -0.40420498708526148 0.020680960069359679 1.4298976552944154 -0.29983933746044933 -0.12725148494439831 0.61241074012439178
decision_type=2 2 2 2 2 2 2 2 2 2 2 2 2 2
left_child=1 6 3 -2 5 -3 7 -1 12 -9 11 -7 -8 -14
right_child=2 4 -4 -5 -6 10 8 9 -10 -11 -12 -13 13 -15
leaf_value=-0.014510089532186868 0.10710478762439719 0.057794363070172029 -0.099245619282627498 -0.082349793502635368 -0.099913330751425736 0.082062510642211386 0.085940115027168598 0.10899345584140779 0.038020602802551672 -0.013993225804732726 -0.081830036668597089 -0.057596866824114884 0.017976055315832039 0.11572467836235603
leaf_weight=96.565884351730347 34.143951132893562 58.164599731564522 194.80818228423595 98.318609893321991 57.484771013259888 35.718080922961235 309.35391345620155 51.474228113889694 208.49368812143803 13.462327688932417 97.405904427170753 199.12525989115238 67.538954421877861 11.475296944379805
leaf_count=391 137 236 809 412 240 144 1240 206 842 54 404 820 271 46
internal_value=-0.000498658 0.0193011 -0.0726692 -0.0313959 -0.0428085 -0.0332433 0.0560238 0.0265656 0.0637079 0.0843189 -0.0498012 -0.0350877 0.0768394 0.0382145
internal_weight=1533.53 1206.26 327.271 132.463 447.899 390.414 758.364 161.502 596.862 64.9366 332.249 234.843 388.368 79.0143
internal_count=6252 4894 1358 549 1844 1604 3050 651 2399 260 1368 964 1557 317
is_linear=0
shrinkage=0.1


end of trees

feature_importances:
hours_to_expiry=22
hour_index=20

parameters:
[boosting: gbdt]
[objective: binary]
[metric: binary_logloss,auc]
[tree_learner: serial]
[device_type: cpu]
[data_sample_strategy: bagging]
[data: ]
[valid: ]
[num_iterations: 500]
[learning_rate: 0.1]
[num_leaves: 15]
[num_threads: 0]
[seed: 42]
[deterministic: 0]
[force_col_wise: 0]
[force_row_wise: 0]
[histogram_pool_size: -1]
[max_depth: -1]
[min_data_in_leaf: 20]
[min_sum_hessian_in_leaf: 0.001]
[bagging_fraction: 0.9]
[pos_bagging_fraction: 1]
[neg_bagging_fraction: 1]
[bagging_freq: 5]
[bagging_seed: 400]
[bagging_by_query: 0]
[feature_fraction: 0.9]
[feature_fraction_bynode: 1]
[feature_fraction_seed: 30056]
[extra_trees: 0]
[extra_seed: 12879]
[early_stopping_round: 0]
[early_stopping_min_delta: 0]
[first_metric_only: 0]
[max_delta_step: 0]
[lambda_l1: 0]
[lambda_l2: 5]
[linear_lambda: 0]
[min_gain_to_split: 0]
[drop_rate: 0.1]
[max_drop: 50]
[skip_drop: 0.5]
[xgboost_dart_mode: 0]
[uniform_drop: 0]
[drop_seed: 17869]
[top_rate: 0.2]
[other_rate: 0.1]
[min_data_per_group: 100]
[max_cat_threshold: 32]
[cat_l2: 10]
[cat_smooth: 10]
[max_cat_to_onehot: 4]
[top_k: 20]
[monotone_constraints: ]
[monotone_constraints_method: basic]
[monotone_penalty: 0]
[feature_contri: ]
[forcedsplits_filename: ]
[refit_decay_rate: 0.9]
[cegb_tradeoff: 1]
[cegb_penalty_split: 0]
[cegb_penalty_feature_lazy: ]
[cegb_penalty_feature_coupled: ]
[path_smooth: 0]
[interaction_constraints: ]
[verbosity: -1]
[saved_feature_importance_type: 0]
[use_quantized_grad: 0]
[num_grad_quant_bins: 4]
[quant_train_renew_leaf: 0]
[stochastic_rounding: 1]
[linear_tree: 0]
[max_bin: 255]
[max_bin_by_feature: ]
[min_data_in_bin: 3]
[bin_construct_sample_cnt: 200000]
[data_random_seed: 175]
[is_enable_sparse: 1]
[enable_bundle: 1]
[use_missing: 1]
[zero_as_missing: 0]
[feature_pre_filter: 1]
[pre_partition: 0]
[two_round: 0]
[header: 0]
[label_column: ]
[weight_column: ]
[group_column: ]
[ignore_column: ]
[categorical_feature: ]
[forcedbins_filename: ]
[precise_float_parser: 0]
[parser_config_file: ]
[objective_seed: 16083]
[num_class: 1]
[is_unbalance: 0]
[scale_pos_weight: 1]
[sigmoid: 1]
[boost_from_average: 1]
[reg_sqrt: 0]
[alpha: 0.9]
[fair_c: 1]
[poisson_max_delta_step: 0.7]
[tweedie_variance_power: 1.5]
[lambdarank_truncation_level: 30]
[lambdarank_norm: 1]
[label_gain: ]
[lambdarank_position_bias_regularization: 0]
[eval_at: ]
[multi_error_top_k: 1]
[auc_mu_weights: ]
[num_machines: 1]
[local_listen_port: 12400]
[time_out: 120]
[machine_list_filename: ]
[machines: ]
[gpu_platform_id: -1]
[gpu_device_id: -1]
[gpu_use_dp: 0]
[num_gpu: 1]

end of parameters

pandas_categorical:null
